$coord
    0.32785267680736     -4.28563520758967     -0.47644381750637       o
    4.39718676533583     -1.50535175473764     -0.13691528755814       o
    4.16634218551814      2.55257873500452      0.29858207656067       o
    3.17522777300400      0.49036911539935      0.06789821171378       n
    0.40419433753584      0.32385554284841      0.02737462139626       c
   -0.83212317051332     -2.04390226754919     -0.24272198302119       c
   -0.97333769442013      2.59007091756874      0.26166360256466       c
   -3.50345208505178     -2.03876242810796     -0.26612456205302       c
   -3.59732960807517      2.54184909494630      0.23386701968669       c
   -4.85314649022321      0.20346995161841     -0.03310850342573       c
    0.08474997123075      4.35651214357109      0.46379780410647       h
   -4.45133390604717     -3.86966702970011     -0.47561797733224       h
   -4.67292561197098      4.30255878217958      0.41726779696958       h
   -6.92690458579085      0.14372207142144     -0.05842916430063       h
    2.15979156972710     -3.98556241811895     -0.42656956771590       h
$end
